6
24
0 0 0 0 0 0
-1 0 -2 -2 0 0
0 -1 0 0 -2 0
0 0 -1 0 0 0
-2 -1 -1 -2 0 0
0 0 0 0 0 -1
6
24
-1 -2 0 0 0 0
0 -2 0 -1 0 0
0 -2 -1 0 -2 -2
0 -2 0 0 -2 0
0 0 -1 0 0 0
0 0 0 0 0 0
6
24
0 0 0 0 0 0
0 0 0 0 0 -1
-1 -2 -2 0 0 0
0 -1 0 -2 -1 0
0 0 0 -2 0 0
-2 0 0 0 0 0
6
24
0 0 0 0 0 0
-1 0 0 -2 0 0
0 0 -2 0 -1 0
-2 -1 -2 -1 0 0
0 0 -2 0 -2 0
0 0 0 0 0 -2
6
24
0 0 0 0 0 0
0 -1 -1 -1 0 0
0 -1 0 0 -2 0
0 0 0 0 -1 0
0 0 0 -1 -1 0
-2 0 -2 0 0 0
6
24
0 0 0 -1 0 0
0 0 0 0 -2 0
0 -1 -1 0 -2 0
0 0 -2 -2 0 0
0 0 0 0 0 -2
-1 -2 0 0 0 0
6
24
-2 0 0 0 0 0
0 0 0 0 0 0
-1 -2 0 -2 -2 0
-2 0 0 -1 0 0
0 0 0 0 0 0
0 0 0 0 0 0
6
24
0 0 0 -1 0 -2
0 0 -1 0 0 0
0 0 -2 0 0 0
0 -2 0 -2 0 0
0 0 0 -2 0 0
-2 0 0 0 0 0
6
24
-2 0 0 0 0 -2
0 -2 -2 0 -1 0
0 0 0 0 0 0
0 0 0 0 -1 0
0 0 -2 0 0 0
0 0 0 0 0 0
6
24
0 0 0 0 0 0
0 0 -1 -1 -1 0
0 0 0 0 -1 0
0 -1 0 -1 0 0
0 -1 -1 0 0 0
0 0 0 -2 0 -2
6
24
0 0 0 -1 0 -2
0 0 -2 0 -1 0
0 0 -2 0 0 0
0 0 0 0 -1 0
0 0 0 0 -1 0
0 0 -1 0 0 0
6
24
-2 0 -1 0 0 -2
0 -1 0 -1 0 0
0 0 0 0 0 0
0 0 0 0 0 0
0 0 0 -2 0 0
0 0 0 0 0 0
6
24
0 0 0 0 0 -2
0 0 -1 0 -1 0
0 0 0 0 0 -1
0 -2 0 0 0 0
0 0 0 0 0 -2
0 0 0 0 0 0
6
24
-1 0 0 0 0 0
0 0 -1 0 0 0
0 0 0 -1 -1 0
0 0 -1 0 0 0
0 0 -1 0 -1 0
0 0 0 0 0 -1
6
24
0 0 -2 -1 0 0
0 0 0 0 0 0
0 0 -2 -1 0 0
0 -2 -2 0 0 0
0 0 -1 0 0 0
0 0 0 -1 0 0
10
24
0 0 0 0 0 0 0 0 0 0
0 0 -2 0 0 0 -2 0 0 0
0 -1 -2 -1 -1 0 -2 -1 0 0
-1 -1 -2 -1 0 -2 0 0 0 0
0 0 0 -1 0 0 0 -1 0 0 
0 0 -2 0 -1 0 -1 0 0 0
0 0 0 -1 0 0 -2 -2 0 -2
0 -1 -1 0 0 -2 0 -1 -2 0
0 0 -2 -2 -2 0 -1 0 0 0
0 0 0 0 0 0 0 0 0 0
10
24
0 0 0 0 0 0 0 -2 0 -1
0 0 0 0 -2 0 -2 0 -2 0
0 0 -1 0 -1 0 0 -1 -2 0
0 0 0 0 0 -1 -1 0 -2 0
0 -2 0 -2 0 0 -1 0 0 0
0 0 -1 -1 -1 -1 0 0 -2 0
0 -2 -2 -2 -2 0 -1 0 0 0
0 0 -1 0 -1 -1 0 -2 0 0
0 0 0 0 0 0 -1 0 0 0
0 0 0 0 -2 0 0 0 0 0
10
24
0 0 0 0 0 0 0 -2 0 -2
0 0 -1 -1 -1 -1 0 -1 0 0
0 0 0 -2 0 0 -1 0 0 0
0 -2 0 0 0 -1 0 0 -1 0
0 0 -1 0 0 0 -2 -1 -1 0
0 -2 -2 0 -1 -2 0 0 -1 0
0 0 -1 0 0 0 -2 0 0 0
0 -1 0 -1 0 -1 -2 -1 0 0
0 0 -2 0 -2 0 -2 0 0 0
0 0 0 0 0 0 0 0 0 0
10
24
0 0 0 0 0 0 0 0 0 -2
0 0 0 0 -1 -1 -1 0 0 0
0 0 0 -1 -2 -2 0 -1 -1 0
0 0 -1 -2 0 0 0 -1 0 0
0 0 0 -2 0 0 0 0 -2 0
0 0 -1 -2 -1 0 -1 0 0 0
0 0 0 -2 -1 -2 0 0 -2 0
0 -2 -2 0 -1 0 0 -1 0 0
0 0 -1 -1 0 -2 0 0 -1 -2
0 0 0 0 0 0 0 0 0 0
10
24
0 0 0 0 0 0 0 0 0 0
0 0 -1 0 -1 0 -1 0 0 0
0 0 0 0 0 0 0 0 -1 0
0 -2 -2 0 -2 0 -2 0 0 0
0 0 0 -2 0 0 -1 0 -1 0
-2 0 0 -2 0 0 0 -1 0 0
0 0 -2 0 0 -2 0 0 0 0
0 0 -2 0 0 0 -2 -1 0 0
0 0 -2 0 -1 0 0 0 -1 -1
0 0 0 0 0 0 0 0 0 -2
10
24
0 0 0 0 0 -1 0 0 0 -2
0 0 -1 0 0 0 0 0 0 0
0 0 0 -1 0 -1 0 -2 0 0
0 0 0 0 -1 0 0 0 -2 0
0 0 -2 0 0 0 -1 -1 0 0
0 -1 -1 -1 0 -2 0 0 0 0
0 0 0 0 0 -2 -2 0 0 0
0 -1 -1 -1 0 0 0 -2 0 0
0 0 0 0 0 -2 -2 0 0 0
0 0 0 0 0 0 0 0 -2 0
10
24
0 0 0 0 0 0 0 -2 0 -1
0 0 -1 -1 -1 -1 0 0 -2 0
0 0 0 0 0 0 -1 0 0 0
0 0 -1 -1 -1 -1 -1 0 -2 0
0 -2 -2 -2 -2 0 -1 0 0 0
0 0 -1 0 0 0 0 0 -2 0
0 0 0 -2 -2 0 0 -1 -2 0
0 -2 0 0 -1 0 -1 0 -2 0
0 0 0 0 0 0 0 0 0 0
0 0 0 0 0 0 0 0 0 -2
10
24
0 0 0 0 0 -2 0 0 0 0
0 0 0 0 0 -2 0 0 0 0
0 -2 0 -2 0 -2 0 0 -2 0
0 0 -2 0 0 -2 0 0 0 0
0 0 0 -2 0 -2 -1 0 -1 0
0 0 -2 0 0 0 0 -1 0 -1
0 0 0 -2 -2 -2 0 0 0 0
0 0 0 0 0 0 0 0 0 0
-2 -2 -2 -2 -2 -2 0 -1 0 0
-1 0 0 0 0 0 0 0 0 0
10
24
-1 0 0 0 0 0 0 -1 0 -2
0 0 0 -1 0 0 0 0 -1 0
0 -2 0 0 0 0 -1 0 0 0
0 0 -1 -1 -1 0 0 -1 0 0
0 0 0 0 0 -1 0 0 0 0
0 -1 -1 0 -1 0 0 0 -1 0
0 -1 0 -1 0 0 -1 0 -1 0
0 -1 0 0 0 -1 0 0 -1 0
0 0 0 -1 -1 0 -1 0 0 0
0 0 0 0 0 0 0 0 0 0
10
24
0 0 0 0 0 0 0 0 0 0
0 0 0 -1 0 -1 0 0 0 -1
0 0 -2 -1 0 -1 -2 0 0 0
0 0 0 0 0 -1 -2 -2 -1 0
0 -2 0 0 -2 0 0 0 0 0
0 0 -2 -2 0 -2 0 -1 0 0
0 -1 -1 -1 -1 -1 0 0 0 0
-1 0 0 0 0 0 0 0 -1 0
0 -1 -1 -1 -1 -1 -1 0 0 0
-2 0 0 0 0 0 0 0 0 0
10
24
0 0 0 0 0 0 0 0 0 0
0 0 0 0 0 -2 0 -2 0 0
0 0 -1 0 -1 0 0 -2 0 0
0 0 0 -1 0 0 0 -2 0 0
0 -2 -2 0 0 -1 -2 0 0 0
0 0 0 0 -1 0 -2 0 0 0
0 0 0 -2 -2 0 0 -2 0 0
-2 0 -2 0 -1 0 -1 -1 0 0
0 -2 0 0 0 0 0 0 -1 0
-1 0 0 0 0 0 0 -1 0 -2
10
24
0 0 -1 0 -2 0 0 0 0 -1
0 0 0 0 0 0 0 -2 0 0
0 0 0 -2 -2 0 -2 0 0 0
0 -1 0 0 0 -2 0 0 -1 0
0 0 0 -2 -2 0 -1 0 0 0
0 -1 -1 -1 -1 0 0 -1 0 0
0 0 0 -2 0 0 -1 0 0 0
0 0 -2 0 -2 0 0 -2 0 0
0 0 0 0 0 -1 0 0 0 0
0 0 0 0 0 0 0 0 0 0
15
24
0 0 0 0 0 0 0 -1 0 0 0 0 0 0 0
0 0 -1 -1 0 -1 0 0 0 0 0 0 -2 0 0
0 -2 -2 0 0 -2 -1 0 -2 0 -2 0 0 -1 0
0 0 0 0 -2 0 -2 0 0 -1 -1 -1 0 0 0
0 0 0 -1 0 -1 0 -1 0 0 0 0 -1 -2 0
0 0 0 0 0 0 0 0 0 0 -2 0 0 -2 0
0 0 0 0 0 0 0 0 -1 0 0 -1 0 0 0
0 -2 0 0 0 0 0 0 0 -2 0 0 -2 0 0
-2 0 -1 0 -1 0 -1 0 0 -1 0 0 -1 -2 0
0 -1 0 0 0 0 0 -1 -2 -1 -2 0 0 -2 0
0 -1 0 0 0 -2 0 -1 -2 -1 0 0 -1 -2 0
0 0 0 -2 0 0 -1 0 -2 -1 -2 0 0 -2 0
0 0 -1 0 0 -1 0 -1 -2 -1 -2 -1 0 0 0
0 0 0 -2 0 0 -2 0 -2 0 -2 0 0 -2 0
0 0 0 0 0 0 0 0 0 0 0 0 0 -2 -1
15
24
0 0 0 0 0 0 0 0 0 0 0 0 0 0 0
0 0 0 0 -1 0 0 0 0 0 0 0 -2 0 0
0 0 -2 0 0 0 -2 0 -2 0 -2 0 0 -1 0
0 -1 0 0 -2 -2 -1 0 -1 -1 0 0 -2 0 0
0 0 0 -1 0 0 0 -1 -2 0 0 -1 0 -1 0
0 -2 -1 0 -1 -2 0 0 -2 0 0 0 0 0 0
0 -2 -1 -2 0 -2 -1 0 0 -2 -2 0 -2 0 0
0 -2 -1 0 0 0 -2 0 0 -1 0 -1 0 0 0
0 -2 0 0 -2 -1 -1 0 0 0 0 0 0 -1 0
-2 0 -1 0 0 -2 0 0 0 0 -2 0 -2 0 0
0 0 0 -2 0 -1 0 -2 0 0 -1 0 -1 -1 0
0 -2 -2 0 0 -1 -1 0 0 -1 0 -1 0 0 0
-2 0 -1 -1 -1 0 0 0 -1 0 -2 0 -2 0 0
0 -2 -2 -2 -2 -2 0 -2 -2 -2 0 -2 0 0 0
-1 0 0 0 0 0 0 0 0 0 0 0 0 0 0
15
24
0 0 0 0 0 0 0 -2 -2 0 0 0 0 0 0
0 0 0 -2 0 -1 0 0 -2 0 -2 0 0 0 0
0 0 -1 0 -2 -2 -1 0 0 -1 0 0 -1 0 0
0 0 0 -2 0 -2 -1 -2 0 0 -2 0 -1 0 0
0 0 -1 0 -1 0 -1 0 -1 0 0 -1 0 0 -2
0 0 0 0 0 -1 0 -1 0 -2 0 0 -1 -2 0
0 0 0 0 0 -2 -2 0 -1 0 0 -1 0 0 0
0 -2 0 -2 0 0 -1 -1 0 0 -2 0 0 -2 0
0 0 0 0 0 -2 -2 -2 0 -1 -2 -1 0 0 0
0 0 -1 0 -1 0 -1 -1 -1 0 -2 0 0 -2 0
0 -2 0 -1 0 -1 0 -2 0 -1 0 0 -1 -2 0
-2 0 -1 0 -2 0 -2 0 -1 0 0 0 -1 0 0
0 0 -2 0 0 0 0 0 -2 0 0 -1 0 -1 0
0 -2 -1 0 0 0 0 0 0 0 -2 -2 -2 0 0
0 0 0 0 0 0 0 0 0 0 0 0 0 0 0
15
24
0 0 0 0 0 0 0 0 0 0 0 0 0 0 0
0 0 -1 0 -2 -2 0 0 -2 0 0 -1 0 0 -1
0 -2 0 -1 -1 0 0 -2 -2 -2 0 0 -2 0 0
0 -2 -1 0 0 0 -1 0 0 0 0 0 0 -2 0
0 -2 0 0 -2 0 0 0 -1 0 -1 -2 0 0 -2
0 0 0 -2 0 0 0 -2 -2 -2 0 0 -1 0 0
0 0 -2 0 0 -2 -1 -1 -1 0 -2 0 0 0 0
0 0 0 -1 0 0 -1 0 0 -2 0 0 -1 0 0
0 0 -2 -1 -2 0 0 0 -2 0 -2 0 0 0 0
0 0 0 -1 0 -1 0 0 0 -1 0 -2 0 -1 0
0 0 -2 0 0 0 0 -2 0 0 -2 0 -1 0 0
0 0 0 0 -1 0 -2 0 -1 0 0 -2 0 -1 0
0 0 -2 0 0 -2 0 -2 0 0 -2 0 -2 -1 0
0 0 0 -1 0 0 -1 0 -1 0 0 -1 0 -1 0
0 0 0 0 0 0 0 0 0 0 0 0 -1 0 -2
15
24
0 0 0 0 0 0 0 -1 0 0 0 0 0 0 0
0 0 0 0 -1 0 -1 0 0 -1 0 0 -2 0 0
0 0 -2 0 0 0 0 0 -2 0 0 0 0 0 0
0 -1 -1 -1 -1 -1 -1 -1 -1 -1 0 -2 0 -2 0
0 0 0 0 0 0 0 0 0 0 0 0 -2 0 0
0 -1 -1 -1 -1 -1 -1 -1 0 -2 0 0 -2 0 0
0 0 0 0 0 0 0 0 0 0 0 0 0 0 0
-1 0 -1 0 0 -1 0 -2 -1 -2 0 -2 -1 -1 0
0 -1 0 -1 -1 0 -2 0 -1 -2 0 0 -2 0 -2
0 0 0 0 -2 0 0 0 -1 -2 0 -2 0 0 0
0 -1 -1 0 0 -2 -1 0 -1 -2 0 0 -2 -2 0
0 0 0 0 -2 0 -1 0 0 -1 0 0 0 0 0
0 -1 -1 -1 -1 0 -1 0 -2 0 0 -2 0 0 0
0 0 0 0 0 0 -1 0 0 0 -1 0 0 0 0
0 0 0 0 0 0 0 0 0 0 0 0 0 0 0
15
24
0 0 0 0 0 0 0 0 0 0 0 0 0 0 0
0 0 0 0 -2 0 0 0 -1 -1 -1 -1 -1 0 0
0 0 -2 0 0 -1 0 -1 0 0 0 0 0 0 0
0 0 0 -2 0 0 0 0 -1 -1 0 -1 0 -1 0
0 0 -2 0 0 -1 0 -1 0 0 0 0 -1 0 0
0 0 0 -2 0 0 0 -1 -2 -1 0 -1 0 -2 0
0 0 -2 -2 0 -1 0 0 -1 0 -1 0 0 0 0
0 0 0 0 -2 0 -1 0 0 0 0 0 0 0 0
0 -1 0 0 0 -1 0 0 0 -2 0 -1 0 -2 0
0 -1 -1 0 0 0 -1 -1 -1 -1 -1 0 -1 0 0
0 -1 0 0 -1 0 0 0 0 0 0 0 0 -1 0
-1 0 -1 -1 0 -1 -1 -1 -1 -1 -1 -1 0 -1 0
0 0 0 0 -2 0 0 0 0 0 0 0 0 0 0
0 0 -1 0 0 0 -1 0 0 -1 -1 -1 -1 0 0
0 0 0 0 0 0 0 0 -1 0 0 0 0 0 0
15
24
0 0 0 0 0 0 0 0 0 0 0 0 0 0 0
0 0 -2 0 -2 0 -2 0 -2 0 0 0 -2 0 0
0 0 -2 0 -2 0 -2 0 0 -2 0 0 -2 0 0
0 0 -2 0 0 0 -2 0 -2 0 -2 0 -2 0 0
0 0 -2 0 0 0 -2 0 -2 0 -2 0 -2 0 0 
0 0 0 0 -1 0 0 0 -2 0 -2 0 -2 0 0 
0 0 -1 0 -1 0 -2 0 0 0 -2 0 -2 0 0
0 -2 -2 -2 -2 0 0 -1 0 -1 -2 0 -2 0 0
0 0 0 0 0 0 -1 0 0 -1 0 0 -2 0 0
0 -2 -2 -2 0 0 0 -1 -1 0 0 -1 -2 0 0
0 0 -1 0 0 -1 0 0 0 -1 -1 0 0 0 0
0 0 -2 -1 0 0 -1 -1 -1 0 0 -1 -1 0 0
0 0 -1 0 -1 0 0 -2 -2 -2 0 0 0 -1 0
0 0 0 0 0 0 -2 0 0 0 -2 0 -1 0 0
0 0 0 0 0 0 0 -2 0 0 0 0 0 0 0
15
24
0 0 0 0 0 0 0 0 0 0 -2 -1 0 0 0
0 0 0 0 0 0 0 0 -2 0 0 0 0 0 0
0 -2 -2 -2 0 0 -1 0 0 0 -2 0 -1 -1 0
0 0 0 0 0 -2 0 0 -2 0 0 0 0 0 0
0 -2 -2 0 -2 0 0 0 -1 0 -1 0 0 -1 0
0 0 0 0 0 0 -1 0 0 0 0 -1 0 0 0
0 -2 -2 -2 0 0 0 0 -1 0 0 0 -2 0 0
0 0 0 0 -2 -1 0 -1 0 0 -1 0 0 0 0
0 -2 -2 0 -2 0 -1 0 -1 -1 0 0 -2 0 0
0 0 -1 0 0 -2 -2 -2 0 0 -1 0 0 0 0
0 0 0 0 0 0 0 0 0 0 0 0 0 -1 0
0 -2 0 -2 -2 -2 -2 -2 0 -1 0 -1 0 0 0
0 0 -1 0 0 0 0 0 -2 -1 0 -2 0 0 0
0 0 0 0 -2 0 -2 0 0 0 0 0 0 0 0
0 0 0 0 0 0 0 -2 0 0 -1 0 0 0 0
15
24
0 0 0 -1 -2 0 0 0 0 0 0 0 0 0 0
-1 0 0 0 -1 -1 -1 -1 -1 -1 0 -1 0 0 0
0 0 0 0 0 0 0 0 0 0 0 0 -1 0 0
0 0 -1 0 0 -1 0 0 -1 -2 0 -2 0 0 0
0 0 -2 0 -1 0 -1 0 0 0 0 0 0 0 0
0 0 0 0 0 -1 0 0 -1 -1 0 0 -1 0 0
-2 0 -1 -2 0 0 0 -1 0 0 0 -1 0 -2 0
0 0 -2 0 0 -1 0 0 -1 0 -1 0 0 0 0
0 0 -1 0 -2 -1 0 -1 0 -1 0 -1 -2 0 0
0 -1 0 -1 -2 0 0 -1 0 -1 0 -1 -2 0 0
0 -1 0 -1 -2 0 0 -2 0 0 0 0 0 -2 0
0 0 0 0 -2 0 0 -2 0 0 -2 0 -1 0 0
0 0 0 -2 0 0 0 0 0 -1 -2 0 0 0 0
0 0 -2 0 0 0 -2 0 0 0 -2 0 -2 0 0
0 0 0 0 0 0 0 0 0 0 0 0 0 0 0
15
24
0 0 0 0 0 0 0 0 0 0 0 0 0 0 0
0 0 -1 0 -1 0 -1 0 -1 0 -1 0 -1 0 0
0 0 -1 0 -1 0 -1 0 0 0 -1 0 -1 0 0
0 0 -1 0 -1 0 -1 -2 0 -1 0 0 -1 0 0
0 0 -1 0 -1 0 -1 0 0 0 -1 0 -1 0 0
0 0 -1 0 -1 0 0 -2 0 -1 0 0 0 0 0
0 0 -1 0 -1 -2 0 0 0 0 0 0 0 -1 0
-1 0 -1 0 -1 0 0 0 0 -1 0 0 0 0 0
0 0 0 0 0 -1 0 -1 0 0 0 -1 0 0 0
0 -1 0 -1 0 0 0 0 0 0 0 0 0 -1 0
0 0 -1 0 0 -2 0 -1 0 -1 0 -2 0 0 0
0 -1 0 -2 0 0 0 0 -1 0 0 -1 0 0 0
0 0 0 -2 0 -2 0 -1 0 0 0 0 0 -1 0
0 0 -2 0 -2 0 0 0 0 0 -2 0 0 0 0
0 0 0 0 0 0 0 0 0 0 0 0 0 0 0
15
24
0 0 0 0 0 0 0 0 0 0 0 0 0 0 0
0 0 0 -2 0 -2 0 0 -2 0 0 0 -2 0 0
0 0 -1 0 0 0 0 -1 -2 0 0 -2 0 0 0
0 0 0 -1 0 0 -1 0 0 0 0 0 -2 0 0
0 -2 0 0 -1 0 0 -1 0 0 -1 0 -2 0 0
0 0 0 -1 0 -1 -1 0 0 -1 0 -2 0 0 0
0 -2 0 0 0 -2 0 -1 0 -1 -2 0 0 0 0
0 0 0 0 0 0 0 -1 0 -1 0 -2 -2 0 0
0 -2 0 0 -1 0 0 -1 0 0 0 -2 0 0 -2
0 0 0 0 0 -1 -1 0 0 -1 0 0 -2 0 0
0 0 0 0 -1 0 0 0 -1 0 0 -2 0 0 0
0 0 0 -2 -2 -2 0 -2 0 -1 0 0 0 0 0
-2 0 -2 0 0 0 0 0 0 0 0 -2 -2 0 0
0 -2 0 -2 -2 -2 -2 -2 0 -1 0 0 0 0 0
-1 0 0 0 0 0 0 0 0 0 0 0 0 0 0
15
24
0 0 0 0 0 0 0 0 0 0 0 0 0 0 -1
0 0 0 0 0 -2 0 -2 -2 -2 -2 0 -2 0 -2
0 0 0 -2 -2 0 -2 0 0 0 0 -2 0 -2 0
0 0 0 0 0 0 0 0  -2 -2 -2 0 0 -2 0
0 -1 -1 0 -2 0 -1 0 0 0 0 0 0 -2 0
0 0 0 0 0 0 0 0 -2 0 0 -2 -2 0 0
0 -1 -1 0 0 -2 0 -2 0 -2 0 0 0 0 0
0 0 0 0 0 0 -2 0 -2 0 0 0 -1 0 0
0 -1 -1 0 -2 0 -2 0 -2 0 -2 0 0 0 0
0 0 0 0 0 0 0 0 -2 0 0 0 -1 0 0
0 -1 0 -2 0 0 -1 0 -2 0 0 -1 0 0 0
0 0 0 0 -2 0 0 -1 -2 -1 0 0 -1 0 0
0 -1 0 -2 0 0 -1 0 -2 -1 0 -1 0 0 0
0 0 0 0 -2 -2 -2 0 0 -1 0 0 -1 0 0
0 0 0 0 0 0 0 0 0 0 0 0 0 0 0 
20
24
0 0 0 0 0 0 0 0 0 0 -1 0 0 0 0 0 0 0 -2 0
0 0 0 -2 0 -2 0 -2 -2 -2 -2 -2 -2 -2 -2 0 -2 0 0 0
0 0 -2 0 0 0 0 0 -1 0 -1 0 -1 -1 0 -2 0 -1 0 0
0 0 0 0 -1 0 -1 0 -2 -1 0 0 0 -2 -2 0 -1 0 -2 0
0 0 -2 -1 0 -2 -2 -2 0 -2 0 -2 0 0 0 -2 -1 -2 0 0
0 0 0 -1 0 0 -1 -1 -1 -1 -1 -1 -1 0 0 0 -1 -2 -1 0
0 0 -2 0 -1 0 0 -2 0 -2 -2 -2 0 -2 0 0 0 -2 -1 0
0 0 0 -1 0 -2 0 0 0 0 -1 0 -2 0 0 0 -1 -2 -1 0
0 -1 -1 0 0 -1 0 -1 0 0 0 0 -2 -1 -2 0 0 -2 -1 0
0 0 -2 0 0 0 0 -2 0 0 0 0 0 -1 0 0 -1 -2 -1 0
0 -1 0 0 -2 0 -2 0 -2 -2 0 -2 0 0 -2 0 0 0 -1 0
0 0 0 0 -2 0 0 -2 0 -2 -1 -2 -1 0 0 0 0 -1 0 0
0 0 0 0 -1 0 0 0 -1 -2 -1 -2 -1 -2 0 0 -2 0 -1 0
0 0 0 -2 -2 -2 0 0 0 0 -1 -2 -1 -2 -1 -2 0 0 0 0
0 0 0 0 -1 0 0 0 0 -1 -1 -2 -1 -2 -1 0 0 0 0 -1
0 0 0 0 -1 0 0 0 0 0 -2 0 -1 -2 0 0 0 -2 0 0
0 0 0 0 0 0 0 0 -1 0 0 -2 0 -1 0 0 0 -1 0 0
0 0 0 -2 0 0 0 -2 0 -1 0 -2 -1 0 -2 0 0 0 -1 0
0 0 0 0 0 -1 0 0 -1 0 -2 0 -1 0 0 0 -2 -2 0 0
0 0 0 0 0 0 0 0 0 0 0 0 0 0 0 0 0 0 0 0
20
24
0 0 0 0 0 0 0 0 0 0 0 0 0 0 0 0 0 0 0 -2
0 0 0 -2 0 0 0 0 0 0 0 0 0 -2 0 0 -2 0 -1 -1
0 -1 0 0 0 -1 0 -1 0 -1 0 -1 0 0 0 -1 0 0 0 0
-2 0 0 0 -2 0 -1 0 0 0 -2 0 -1 -2 0 0 -1 -2 0 0
0 0 0 -1 0 -2 0 0 -2 0 0 -1 0 0 -2 0 -1 0 0 0
0 0 -2 0 -1 0 0 0 -1 -2 -2 0 0 -1 -1 -1 0 -1 -1 0
0 -2 0 -1 0 0 -2 0 0 -1 0 0 -2 -2 -2 0 -1 0 0 0
0 0 -2 0 0 -1 0 0 -2 0 0 -1 -1 -1 -1 -1 0 -2 0 0
0 -2 0 -2 0 0 -1 -2 0 -2 -2 -2 -2 -2 -2 -2 -2 0 0 0
0 -2 -1 0 0 -1 -2 0 -1 -2 0 -1 -1 -1 -1 -1 -1 0 -1 0
0 -2 -1 -2 0 0 -2 0 0 0 -2 -2 -2 -2 -2 -2 0 -1 0 0
0 -2 -1 0 0 -1 -2 -1 0 0 0 -1 0 -2 0 0 0 -2 0 0
0 -2 -1 -2 0 0 -2 0 0 0 0 0 -1 0 0 0 0 -2 0 0
0 0 -1 0 0 -1 0 0 0 0 -2 0 0 -1 -1 0 0 0 0 0
0 -1 0 -2 0 0 0 -1 0 0 0 0 0 -2 0 0 0 -2 0 0
0 0 -2 0 0 0 -1 0 0 0 0 -2 0 0 0 0 -1 0 0 0
0 -2 0 0 -2 0 -1 0 -2 -2 0 0 -1 0 -1 -1 0 -1 -1 0
0 -2 -1 -2 0 -1 0 -1 -1 0 0 -2 0 -2 0 -2 0 -2 0 0
0 0 -1 0 -1 0 -2 -2 -2 -2 0 0 0 0 0 0 0 0 0 0
0 0 0 0 0 0 0 0 0 0 0 0 0 0 0 0 0 0 0 0
20
24
-1 0 0 0 0 0 0 0 0 0 0 0 0 0 0 0 0 0 0 0
-2 -2 -2 0 0 0 0 0 -2 -2 -2 -2 -2 0 -1 0 0 0 0 0
0 0 0 0 -2 0 -2 0 0 -1 -1 -1 0 -1 0 0 -2 0 0 -1
0 0 0 -1 0 -1 0 0 -2 -2 -2 0 -1 0 -1 -1 0 -2 -1 0
0 0 -1 -2 0 0 0 0 -1 -1 -1 -1 0 0 0 -1 0 0 -1 0
0 0 -2 0 -2 0 0 -1 -2 -2 -2 0 0 -2 0 0 0 -2 -1 0
0 -2 0 0 -1 -1 -1 0 -2 0 -1 0 -2 0 -1 0 0 0 -1 0
0 0 0 -2 0 -2 0 -2 0 0 -1 0 0 -1 0 0 -2 0 0 0
0 -1 -2 0 -2 0 -2 0 -1 -1 0 -1 0 0  -2 0 -2 0 -1 0
0 -1 0 -1 0 -1 0 -2 -2 0 -1 0 0 0 0 -2 0 -1 0 0 
0 0 -1 0 0 0 -1 0 -1 0 0 -2 -2 -1 0 0 -1 0 -1 0
0 -2 -2 0 -1 0 0 -1 0 -1 0 0 0 0 0 -2 -1 -2 -1 0
0 0 0 -1 0 0 -2 -1 -2 0 0 0 0 -1 0 0 -1 -2 -1 0
0 0 -1 0 -1 0 0 -1 0 0 -1 -2 0 0 0 0 -2 0 -1 0
0 0 0 -2 -1 -2 0 0 -2 0 0 0 0 -1 0 0 0 -1 0 0
0 0 -1 -2 -1 0 0 -1 0 0 -1 -2 0 0 0 0 0 0 -1 0
0 0 0 -2 -1 -2 0 0 -2 0 0 0 -2 0 0 0 -2 -1 0 0
0 0 -1 -2 -1 0 0 -1 0 0 -1 -2 0 -1 0 0 0 -1 0 0
0 0 0 -2 0 -2 0 0 -2 0 0 -2 0 0 0 -2 0 0 0 0
0 0 0 0 0 0 0 0 0 0 0 0 0 0 0 0 0 0 0 0
20
24
0 0 0 0 0 0 0 0 0 0 0 0 0 0 0 0 0 -2 0 -1
0 0 0 0 0 0 0 0 0 0 -2 0 -2 0 -2 0 -2 0 -2 0
0 -2 0 -2 0 -2 0 0 -1 0 -2 0 -2 0 0 0 -2 0 -2 0
0 0 -2 0 0 0 0 0 0 -1 -2 0 -2 0 0 -2 0 0 -2 0
0 0 0 0 -1 0 -2 0 -1 0 -2 0 -2 0 -2 0 0 0 -2 0
0 -2 -2 -2 0 -1 0 0 0 -1 -2 0 -2 0 -2 -1 0 -1 -2 0
0 0 0 0 0 0 0 -2 0 0 -2 0 0 0 -2 0 -1 0 -2 0
0 -2 -2 -2 -2 -2 0 -2 0 -1 0 -2 -2 0 -2 0 -2 0 0 0
0 0 0 0 0 0 0 -1 -1 0 0 -2 0 0 -2 0 -1 -2 0 0
0 -2 0 0 0 0 0 0 0 -1 0 0 -2 0 -2 -1 0 0 0 0
0 0 0 -2 -2 0 -1 -1 -1 0 0 -2 0 0 -2 0 0 0 -2 0
0 0 -2 0 -2 0 0 0 0 0 -1 0 0 0 0 -2 0 0 -2 0
0 0 0 0 -2 0 -1 -1 -1 -1 0 0 0 0 0 0 0 0 0 0
0 -1 0 -1 0 0 0 0 0 0 0 -1 0 -1 0 -1 0 -1 0 0
0 0 -1 0 0 0 -1 -1 -1 -1 -1 0 -1 0 -1 0 -1 0 0 0
0 0 0 -2 -2 0 0 0 -2 0 0 0 0 0 0 0 0 -1 0 0 
0 0 -2 0 -1 -1 -1 0 -2 0 -1 -1 -1 -1 -1 -1 -1 0 -1 0
0 0 0 0 0 0 0 -1 0 0 0 0 0 0 0 0 0 0 0 0
0 0 -2 0 -1 -1 -1 0 -1 -1 -1 -1 -1 -1 -1 -1 0 -1 0 0
0 0 0 0 0 0 0 0 0 0 0 0 0 0 0 0 -1 0 0 0
20
24
0 0 0 0 0 0 0 0 0 0 0 0 0 0 0 0 0 0 0 0
0 -2 0 0 0 0 0 0 0 0 0 0 0 0 0 0 0 -1 0 -1
0 0 -2 0 -1 -1 -1 -1 -1 -1 -1 -1 -1 0 -1 -1 0 0 0 0
0 -2 -2 0 0 -2 -2 -2 -2 0 0 0 0 0 -1 0 -1 0 0 0
-2 0 0 0 -2 0 0 0 -1 0 0 0 -2 -1 0 0 0 -1 0 0
0 0 -2 -1 0 -2 -2 0 0 -2 0 -1 0 0 -1 0 -1 0 -1 0
0 -2 0 -1 0 -1 0 0 -2 -2 0 0 -1 0 0 0 -1 0 0 0
0 0 -1 0 0 0 -1 0 0 -1 -1 -1 0 -2 0 -1 0 -2 0 0
0 0 0 0 -1 -1 0 -1 0 0 0 -1 0 -2 -1 0 -1 -2 0 0
0 0 -1 0 0 0 0 0 -2 0 0 0 0 0 -1 0 -1 -2 0 0
0 -2 0 -1 0 -1 -1 -1 0 -1 0 0 -1 0 -1 0 -1 -2 0 0
0 0 0 0 0 -2 -2 -2 0 0 0 0 0 0 -1 0 -1 -2 0 0
0 0 -2 0 0 -2 0 -1 0 -2 0 -2 0 -2 -1 0 -1 -2 0 0
0 -2 0 -1 0 0 0 0 -1 -2 0 -2 0 -2 -1 0 -1 -2 0 0
0 0 0 0 -2 0 0 -1 0 -2 0 -2 -2 0 0 0 -1 -2 0 0
0 -2 0 -1 0 0 -1 0 -1 -2 0 -1 0 -2 0 0 -2 0 0 0
0 0 0 0 0 -2 -1 0 -1 -2 -1 0 -1 -2 0 0 -2 0 0 0
0 -2 0 0 -2 0 0 0 0 -2 -1 0 0 0 0 0 0 -2 0 0
0 0 0 -2 0 0 0 -2 0 -2 0 -1 0 -2 0 -2 0 0 0 0
0 0 0 0 0 0 0 0 0 0 0 0 0 0 0 0 0 0 0 0
20
24
0 0 0 0 0 0 0 0 0 0 0 0 0 0 0 0 0 -2 0 -1
0 0 -2 0 0 0 0 -2 0 0 -2 0 -2 0 -2 0 -2 0 -2 0
0 0 0 -2 0 0 -1 0 0 -1 0 0 0 0 -2 0 -2 0 0 0
0 0 -1 0 -2 0 0 0 -2 -1 0 -1 -1 0 0 0 0 -1 0 0
0 0 0 -1 0 -2 0 0 -2 -1 0 -1 0 -2 0 0 0 0 0 0
0 0 -1 0 -1 0 0 0 0 -1 0 -1 -2 0 -2 -2 -1 0 0 0
0 -2 0 0 0 0 -1 0 -1 0 -1 0 0 0 -2 0 0 0 0 0
0 0 0 -2 0 -2 0 0 0 0 0 -1 0 0 0 0 0 -1 0 0
0 0 -2 0 -2 0 0 -1 -1 -1 -1 0 0 -2 0 0 0 -1 0 0
0 0 0 -1 0 -2 -2 0 0 0 0 -1 0 -2 0 -1 0 -1 0 0
0 0 -2 0 -1 0 0 0 -1 -1 -1 0 -1 0 0 -1 0 -1 0 0
0 -2 0 -2 -2 -2 -2 -2 -2 -2 -2 -2 -2 -1 -2 0 0 0 0 0
0 0 0 0 0 0 0 0 0 0 0 0 0 0 0 0 -1 0 0 0
0 0 0 -2 -2 -2 -2 -2 -2 -2 -2 -2 0 -1 -2 0 0 0 -2 0
0 0 -2 0 0 0 -1 0 0 0 0 0 -1 0 -2 -2 -1 0 0 0
0 -2 0 -2 0 0 0 -2 -2 -2 -2 0 0 0 -1 -1 0 -2 0 0
0 0 -1 0 -2 -2 0 0 0 0 0 0 -1 0 0 0 -1 0 0 0
0 0 0 -1 -2 0 0 -2 -2 -2 -2 -2 -2 -2 0 0 0 -1 -1 0
0 0 -1 0 0 0 0 0 0 0 0 0 0 0 -2 0 0 0 0 0
0 0 0 0 0 0 0 0 0 0 0 -2 0 0 0 0 0 0 0 0
20
24
-1 0 0 0 0 0 0 0 0 0 0 0 0 0 0 0 0 0 0 0
0 -2 0 -1 0 0 0 0 0 0 0 0 0 0 0 -1 0 -1 0 0
-2 0 0 0 0 -2 -2 -1 -1 -1 -1 -1 -1 -1 0 0 0 0 0 0
0 -2 0 -2 0 0 0 0 0 0 0 0 0 -1 0 0 0 0 0
0 0 -2 0 0 0 0 -1 -1 -1 -1 -1 -1 -1 0 0 0 -2 0 0
0 0 0 -2 -2 -2 0 0 0 0 -2 0 0 0 -1 0 -2 0 0 0
0 0 0 0 0 -1 -1 -1 0 -2 0 0 0 0 0 -1 0 0 0 -1
0 0 0 -2 0 0 0 0 -1 0 -2 0 -1 -1 0 0 -1 0 -1 0
0 0 -2 0 0 -2 0 -1 0 -1 0 -1 0 0 -1 0 -1 0 -1 0
0 -2 0 -2 0 -1 0 0 -1 0 -1 0 -1 0 -1 0 -1 0 -1 0
0 0 -1 -1 0 0 0 0 -1 0 0 0 -1 0 -1 0 -1 0 -1 0
0 0 0 0 -1 0 -2 0 -1 0 0 0 -1 0 -1 0 0 0 -1 0
0 0 0 -1 0 0 0 -1 0 -1 0 -1 0 0 -1 0 -1 -1 0 0
0 0 -1 0 -1 0 -1 0 -1 0 0 0 -1 0 -1 0 0 0 -1 0
0 0 0 0 -1 0 -1 0 0 0 -2 0 0 0 -1 0 0 -1 0 0
0 -1 0 0 -1 0 0 0 0 0 0 0 -1 0 -1 0 -1 0 -1 0
0 0 -1 0 -1 0 0 -1 0 -1 0 -1 0 0 0 0 0 0 0 0
0 0 0 0 0 0 -1 0 -1 0 -1 0 -1 0 -2 0 0 -2 0 0
0 0 -2 0 0 -2 0 0 0 0 0 0 0 0 0 -2 0 -2 0 0
0 0 0 0 0 0 0 0 0 0 0 0 0 0 0 0 0 0 0 0
20
24
0 0 0 0 0 0 0 0 0 0 0 0 0 0 0 0 0 0 0 0
0 0 0 -1 0 0 0 0 0 0 0 -2 0 0 -1 -1 -1 0 -2 0
0 -1 0 0 0 -1 0 -1 -1 0 -1 0 0 -1 0 0 0 -1 -2 0
0 0 0 0 0 0 -2 0 0 -1 0 -1 -1 0 0 -1 0 0 -2 0
0 0 -1 0 -1 0 0 0 0 0 0 0 0 -1 0 -2 0 -2 0 0
0 0 0 0 0 -1 0 -1 -1 -1 -1 -1 -1 0 -2 0 0 0 -2 0
0 -1 0 -1 0 -2 -2 0 0 0 0 -1 0 0 0 0 -2 0 -2 0
0 -1 0 0 -2 0 0 0 -1 -1 -1 0 0 -1 0 -2 0 0 -2 0
0 -1 -2 0 0 -2 -2 0 0 0 0 0 -1 0 0 0 -2 0 -2 0
0 -1 0 -2 -2 0 0 0 -1 -1 0 -1 0 -1 0 -2 0 0 -2 0
0 -1 -2 0 0 -2 0 -1 0 0 -1 0 -1 0 0 0 0 0 -2 0
0 0 0 0 0 0 0 0 0 0 0 0 0 -1 0 0 -2 0 -2 0
0 0 -1 0 -1 0 -1 0 0 -1 0 0 -1 0 -1 0 0 0 -2 0
0 -2 0 0 0 -2 0 -1 -1 0 -2 0 0 0 0 0 -2 0 -2 0
0 0 0 -2 0 0 0 0 0 0 0 0 -2 0 -1 0 0 0 -2 0
0 0 -1 0 -1 -1 -2 0 -2 0 -2 0 -1 0 0 0 -2 -2 0 0
0 -1 0 -1 0 0 -2 0 -2 0 0 -2 -2 0 -2 0 -2 0 0 0
0 -1 0 -1 0 -2 0 0 0 -2 0 0 -1 0 0 -2 -1 0 -1 0
0 0 0 0 -2 0 0 0 -2 0 0 0 0 0 0 0 0 0 0 0 0 0
0 0 0 0 0 0 0 0 0 0 0 0 0 0 -2 0 0 0 0 0
20
24
0 0 0 0 -2 0 0 0 0 0 0 0 0 0 0 0 0 0 0 0
0 -2 0 0 0 -1 -1 -1 -1 0 0 0 0 0 0 0 0 0 0 0
0 0 -2 0 -1 0 0 0 0 0 -2 -2 -2 0 -2 0 -2 0 0 0
0 0 0 -2 0 0 -1 -1 -1 0 0 0 0 0 0 0 0 0 -2 0
0 -2 0 0 -2 0 -2 -2 -2 -2 -2 0 0 -1 0 0 0 0 0 0
0 -2 0 0 -2 0 0 0 0 0 -1 -2 0 -2 0 0 0 0 -2 0
0 -2 -1 0 0 0 -2 -2 -2 -2 -2 0 -2 0 -2 -1 0 0 0 0
0 -2 0 0 -2 0 0 0 0 0 0 0 0 0 -2 0 0 -1 0 0
0 -2 -1 0 0 0 -1 -2 -1 0 -2 -2 -2 0 0 0 0 0 0 0
0 -2 0 0 -2 0 0 -2 0 0 0 -1 0 0 0 0 -2 0 -2 0
0 -2 0 -2 0 -1 0 -2 0 -2 -1 0 0 -1 0 0 -2 0 0 0
0 -2 0 -2 0 0 0 -2 0 -2 0 0 -1 0 0 0 -1 0 0 0
0 -2 0 0 -2 -2 0 0 -2 -2 0 -2 0 0 0 0 0 0 0 0
0 0 -2 0 0 -1 0 -1 0 -2 0 0 0 -1 0 0 0 0 -1 0
0 -2 0 -1 0 0 -1 0 -1 -2 0 -2 0 0 -1 0 -1 0 0 0
0 0 0 0 0 0 -1 0 0 0 -2 0 0 0 -2 0 -2 0 -2 0
0 -2 0 0 -1 -1 0 -1 -1 0 0 0 -2 0 0 -2 0 0 0 0
0 0 0 -1 0 0 -1 0 0 0 -2 0 0 0 -2 -2 0 -1 0 0
0 -2 0 0 -2 0 0 -1 -1 0 0 -2 0 0 0 0 -2 0 0 0
-1 -2 0 0 0 0 0 0 0 0 0 0 0 0 0 0 0 0 0 0
25
24
0 0 0 0 0 0 0 0 0 0 0 0 0 0 0 0 0 0 0 0 0 0 0 0 0 
0 0 -1 0 -1 0 0 0 -1 0 0 0 0 0 -1 0 -1 0 -2 0 0 -1 0 0 0
0 -2 -1 -2 -1 0 0 0 -1 0 -2 0 -2 0 -1 -2 0 -2 0 0 0 0 -2 0 0
0 -2 0 -2 0 0 -2 0 0 -1 0 -2 0 0 -1 -2 -2 0 0 -1 0 0 0 0 0
0 0 0 0 -1 0 0 0 -1 0 -1 -2 -1 -1 0 -2 0 -1 0 0 0 0 0 -1 0
0 -1 -2 0 0 0 -2 0 0 -2 -1 0 0 -1 0 0 0 0 0 0 -2 0 0 0 0
0 0 0 0 -1 0 0 0 -1 -2 -1 -2 0 0 0 0 -2 0 -2 -1 0 -2 -2 0 0
0 -2 0 -1 0 0 -2  0 0 -2 -1 0 0 -1 0 0 0 -1 -1 0 -2 0 0 -1 0
0 -2 -1 0 -2 -1 -2 -1 0 0 -1 -2 0 0 0 0 -2 -2 -2 -2 0 0 -1 0 0
0 -2 0 -2 0 0 -2 0 0 -2 -1 -2 0 0 -1 -2 0 -1 -1 -1 0 -1 0 -2 0
-1 -2 -2 0 -1 0 0 -1 0 0 -1 0 0 0 -1 0 -2 -2 -2 0 -1 0 -1 -2 0
0 -1 0 -2 0 0 -2 0 0 -2 0 0 -2 0 0 -2 0 -1 -1 -1 0 -2 0 -2 0
0 -1 0 0 -1 0 0 0 0 0 -2 0 -2 0 -2 0 -2 0 -2 -2 -2 0 -2 0 0
0 -1 -2 0 0 0 -1 0 -2 0 0 0 -1 0 0 0 0 0 0 -1 0 -1 0 0 0
0 -1 0 0 0 -1 0 -2 0 -1 0 -1 -1 -1 0 -1 0 -1 0 0 0 0 0 -1 0
0 -1 -2 0 0 0 -2 0 -1 -2 -2 -2 -2 -2 -2 -2 -2 -2 -2 0 -2 0 -1 0 0
0 -1 0 0 0 0 0 -2 0 -2 0 -1 -1 -1 0 -2 0 -1 0 -1 0 0 -1 -2 0
0 0 0 0 0 -1 -2 0 -2 0 -2 -2 -2 0 0 -1 0 0 0 0 0 -1 0 -2 0
0 -1 0 0 0 0 0 -2 0 -1 -1 -1 0 0 -2 0 -1 -2 -2 0 -2 -2 -2 0 0
0 0 0 0 0 -1 0 0 -2 -2 -2 0 0 -1 0 -1 0 -2 0 -1 -1 -1 0 0 0
0 -1 0 0 0 0 -2 0 -1 -1 0 0 -2 0 -1 0 -1 0 -2 -2 -2 0 0 -1 0
0 0 0 0 -2 -2 0 -2 -2 0 0 -1 0 -1 0 -2 0 -2 0 -1 -1 -1 0 0 0
0 -1 0 0 0 -1 -1 -1 -1 -1 0 0 0 0 0 0 -2 0 -2 0 -2 0 -2 0 0
0 0 -2 0 0 0 -2 -2 -2 -2 -2 0 -2 0 -2 0 0 0 0 0 0 0 0 0 0
0 0 0 0 0 -2 0 0 0 0 0 0 0 0 0 0 0 0 0 0 0 0 0 0 0 
25
24
0 0 0 0 0 0 0 0 0 0 0 0 0 0 0 0 0 0 -1 0 0 -2 0 0 0
0 0 -2 0 -2 0 -2 0 -2 -2 -2 -2 -2 -2 -2 0 -1 0 0 -1 -2 0 0 0 0
0 0 0 0 0 0 0 0 0 -1 -1 -1 -1 -1 0 -2 0 0 -2 0 -2 0 -1 0 0
0 -1 0 -1 0 -1 0 -1 0 0 -2 -2 0 -2 -2 0 0 0 0 0 0 0 0 -1 0
0 0 0 0 0 0 0 0 0 0 -1 0 0 0 0 0  -2 0 0 0 0 -2 0 0 0
0 0 -2 0 -2 0 0 0 0 0 0 0 -1 0 0 0 -1 -2 0 0 0 -2 -1 0 0
0 -1 -1 0 -1 0 0 0 0 -2 0 -2 0 -2 0 0 0 0 0 -1 0 0 0 0 0
0 0 0 0 0 0 -1 0 -1 0 -1 0 0 -1 -2 -1 0 0 0 -1 0 -2 -1 0 0
0 0 0 -2 0 -2 0 -2 0 0 0 0 -1 0 -2 0 0 0 -2 -2 -1 0 -1 -1 0
0 0 0 0 0 0 0 0 0 -2 0 -2 -2 -2 0 -1 0 0 0 -2 0 -1 0 0 0
0 -2 0 0 -1 0 -1 0 -1 -1 -1 -1 -1 0 -2 0 0 -2 -1 -2 -2 0 0 0 -2
0 0 0 -1 0 -2 -2 -2 -2 -2 0 -2 -2 -2 0 -1 0 0 -1 -2 0 -2 -1 0 0
0 -2 0 0 -1 -1 -1 -1 -1 0 -2 0 -1 0 -2 0 0 -2 -1 -2 -1 -2 -1 0 0
0 0 -1 0 -2 -2 -2 0 -2 -2 0 -1 0 -2 0 -1 0 0 -1 -2 -1 -2 0 -1 0
0 -1 0 -1 0 -1 0 -2 0 -1 -1 -1 -1 0 -2 0 0 -2 -1 -2 -1 -2 -2 0 0
0 0 0 0 0 0 0 -2 -1 0 0 -2 0 -2 0 0 -1 -2 -1 -2 0 0 -2 0 0
0 0 -2 0 -2 0 -2 0 0 0 -2 0 -2 0 -2 0 0 -2 -1 -2 -1 0 0 0 0
0 -1 -1 -1 0 -2 0 0 -1 0 0 -1 0 -1 0 0 -1 0 -1 0 0 0 -2 0 0
0 0 0 -2 0 -2 0 -1 0 0 -2 0 -1 0 -2 0 0 -1 0 0 0 0 0 0 0
0 0 -2 0 -2 -1 0 0 0 -2 0 -1 0 -2 0 -2 0 -2 0 -1 0 0 0 -2 0
0 0 0 -1 0 0 0 0 -2 0 -2 0 -1 0 -2 0 -2 0 -1 0 0 -2 -1 -2 0
0 -1 0 0 -2 0 0 0 0 -1 -2 -1 0 -2 0 -1 0 -2 0 -1 0 0 -1 -2 0
0 0 0 0 0 0 0 -1 -1 0 -2 -1 -2 0 -2 -1 -2 0 0 0 -2 0 0 -2 0
0 0 -2 0 0 0 -1 0 -2 -2 0 -1 0 -1 0 -1 0 0 -1 0 0 -1 0 0 0
0 0 0 0 0 0 0 0 0 0 0 0 0 0 0 0 0 0 0 0 0 0 0 0 0 
25
24
0 0 0 0 0 0 0 0 0 0 0 0 0 0 0 0 0 0 0 0 0 0 0 0 0 
0 0 -1 0 -1 0 -1 0 0 0 -1 0 0 -1 0 -1 0 0 0 0 0 0 -2 0 0
0 -2 0 -2 -1 -2 0 0 -2 0 0 -2 0 0 -2 0 0 0 -2 0 -2 0 0 0 0
0 0 -2 0 -1 0 0 -1 0 0 -1 0 0 -1 -2 -1 0 0 0 -1 -1 -1 0 -1 0
0 -1 0 -2 0 0 -2 0 -2 0 0 -2 0 0 -2 -1 -2 0 0 0 -2 -2 -2 0 0
0 0 0 -2 -1 0 0 -2 0 0 -1 -2 -1 0 0 -1 -2 -1 0 0 0 -1 0 -1 0
0 0 -2 0 0 -1 -1 0 -2 -1 0 -2 -1 -2 0 0 -2 0 -2 0 0 0 0 0 0
0 -1 0 -2 -1 0 -2 0 0 0 -2 0 -1 -2 -1 0 0 -2 0 0 -1 0 -2 0 0
0 0 -1 -2 0 -1 0 0 0 -2 0 -1 -1 -2 0 0 -2 0 -1 -1 0 -2 0 -1 0
0 -2 -1 -2 -1 0 0 0 0 -2 -1 0 -1 0 -2 -2 0 -2 -2 0 -2 0 -2 0 0
0 -2 -1 -2 -1 0 0 -1 0 0 -1 -2 0 -2 0 -1 0 -1 0 -2 0 0 0 -1 0
0 -2 -1 -2 0 0 -2 0 0 -2 0 0 -2 0 -2 0 -1 0 -1 0 -1 -1 0 0 0
-2 0 -1 -2 -1 0 0 0 -1 0 -2 0 0 -1 -1 0 0 -2 0 0 0 0 0 -2 0
0 0 0 -2 0 0 -2 0 0 -2 0 -1 0 0 -2 -1 0 0 0 -1 0 0 -2 0 0
0 0 -1 0 0 -1 -2 -2 -2 -2 -2 0 -1 -2 0 0 0 -2 0 -1 -2 0 -1 -1 0
0 0 0 -2 0 0 -1 -1 0 -2 0 -1 0 0 -2 0 -2 0 -2 0 0 0 -2 0 0
0 0 -1 0 0 -1 0 0 -2 0 -2 0 -2 0 0 0 0 0 0 0 0 0 0 -2 0
0 0 0 0 -2 0 0 -2 0 -2 0 0 0 0 0 -1 0 -1 0 -1 0 -1 0 0 0
0 0 -1 0 0 0 0 -2 0 -1 0 -1 0 -1 0 0 -2 -2 -2 -2 -2 0 0 -1 0
0 -1 0 -1 0 0 -2 0 -2 -2 -2 -2 -2 0 -2 0 0 -1 0 -1 -1 -1 0 0 0
0 -1 0 0 -2 0 0 -1 -1 -1 -1 -1 0 -2 0 -1 0 0 0 0 -2 -2 -2 0 0
0 0 0 -2 0 0 -2 0 -2 0 -2 0 -1 0 -2 0 -2 0 0 0 0 -1 0 -1 0
0 -1 0 0 -1 0 0 0 0 0 0 0 -1 0 0 0 0 -1 -2 0 0 0 0 0 0
0 0 -2 0 0 -1 0 -1 0 -1 0 -1 0 -1 0 -1 0 0 0 -2 -2 0 -2 0 0
0 0 0 0 0 0 0 0 0 0 0 0 0 0 0 0 0 -1 0 0 0 0 0 0 0 0 0
25
24
0 0 0 0 0 0 0 0 0 0 0 -1 0 0 0 0 0 0 0 0 0 0 0 0 0
0 0 -1 0 0 0 0 0 0 0 0 0 -1 0 -1 0 0 0 -1 0 0 0 0 0 0
0 0 0 -1 0 0 -2 -2 0 -2 0 -2 0 0 -1 -2 0 -1 0 0 0 0 -2 0 0
0 0 -1 0 0 -1 0 0 -2 0 0 -2 0 -2 -1 0 0 0 0 -1 0 0 0 -1 0
0 0 -1 0 -1 0 0 0 0 -2 0 -2 0 -2 -1 0 0 -1 -1 -1 0 -2 0 0 0
0 0 -1 0 -1 0 -1 0 -2 0 -2 0 0 0 -1 0 -1 0 0 -1 0 0 0 -2 0
0 0 0 0 -1 0 0 0 0 0 0 0 -2 -1 0 0 -1 -2 0 0 0 -2 0 -2 0
0 -2 0 -2 0 0 -1 0 -2 -2 -2 -2 0 0 -1 0 -1 0 0 -1 0 0 0 -2 0
0 0 -2 0 -2 0 0 0 0 0 0 -2 -1 -1 0 0 -1 0 0 0 0 -2 0 -2 0
0 -1 0 0 0 -1 0 0 0 0 -2 0 0 0 -1 0 -1 0 0 0 0 -2 0 -2 0
0 0 0 -1 0 0 -2 0 0 -1 0 -2 0 -2 -1 0 -1 -2 0 -2 0 -2 0 0 0
0 0 -1 -2 0 0 0 -2 0 0 0 -2 0 -2 -1 0 0 -2 0 -2 0 0 -2 0 0
0 0 0 0 -2 -2 -2 0 0 0 -2 0 0 -2 -1 -2 0 0 -2 0 -2 0 0 -2 0
0 0 -1 -2 0 0 0 -2 0 0 0 -2 0 -2 -1 -2 0 0 0 -2 0 0 -1 0 -2
0 -1 0 0 0 -2 0 0 0 -2 0 0 -2 0 0 0 0 -2 0 0 -2 0 0 0 0
0 0 0 0 0 -1 0 0 0 0 0 0 -1 -1 0 -2 0 0 -2 0 0 0 -2 0 0
0 -1 0 0 -1 0 0 -1 0 -1 0 -1 0 0 0 0 -2 -2 -2 0 -1 0 0 0 0
0 0 -1 0 0 -1 0 0 -1 -1 -1 0 -1 -1 -1 -1 -1 -1 0 -2 0 0 -2 0 0
0 0 0 -1 0 0 -1 0 0 0 0 0 0 0 0 0 0 0 0 0 0 -2 0 -2 0
0 0 0 -2 -2 0 0 -1 -1 -1 -1 -1 -1 -1 -1 -1 -1 -1 0 -2 0 -2 0 0 0
0 -1 0 -2 0 0 0 0 0 0 0 0 0 0 0 -2 0 0 0 0 0 -1 0 0 0 
0 0 0 -1 0 -1 0 -1 0 -1 0 -1 0 -1 0 0 -1 0 -1 0 -2 0 0 0 0
0 0 -2 0 0 0 -1 0 0 0 0 0 0 0 0 -1 0 -1 0 -1 0 0 -2 -2 0
0 0 0 0 -2 0 0 0 -2 0 -2 0 -2 0 0 0 0 0 0 0 0 0 0 0 0
0 0 0 0 0 0 0 0 0 0 0 0 0 0 0 -1 0 0 -2 0 0 0 0 0 0 
25
24
0 0 0 0 0 0 0 0 0 0 0 -1 0 0 0 0 0 0 0 0 0 0 0 0 0
0 0 -1 0 0 0 0 0 0 0 0 0 -1 0 -1 0 0 0 -1 0 0 0 0 0 0
0 0 0 -1 0 0 -2 -2 0 -2 0 -2 0 0 -1 -2 0 -1 0 0 0 0 -2 0 0
0 0 -1 0 0 -1 0 0 -2 0 0 -2 0 -2 -1 0 0 0 0 -1 0 0 0 -1 0
0 0 -1 0 -1 0 0 0 0 -2 0 -2 0 -2 -1 0 0 -1 -1 -1 0 -2 0 0 0
0 0 -1 0 -1 0 -1 0 -2 0 -2 0 0 0 -1 0 -1 0 0 -1 0 0 0 -2 0
0 0 0 0 -1 0 0 0 0 0 0 0 -2 -1 0 0 -1 -2 0 0 0 -2 0 -2 0
0 -2 0 -2 0 0 -1 0 -2 -2 -2 -2 0 0 -1 0 -1 0 0 -1 0 0 0 -2 0
0 0 -2 0 -2 0 0 0 0 0 0 -2 -1 -1 0 0 -1 0 0 0 0 -2 0 -2 0
0 -1 0 0 0 -1 0 0 0 0 -2 0 0 0 -1 0 -1 0 0 0 0 -2 0 -2 0
0 0 0 -1 0 0 -2 0 0 -1 0 -2 0 -2 -1 0 -1 -2 0 -2 0 -2 0 0 0
0 0 -1 -2 0 0 0 -2 0 0 0 -2 0 -2 -1 0 0 -2 0 -2 0 0 -2 0 0
0 0 0 0 -2 -2 -2 0 0 0 -2 0 0 -2 -1 -2 0 0 -2 0 -2 0 0 -2 0
0 0 -1 -2 0 0 0 -2 0 0 0 -2 0 -2 -1 -2 0 0 0 -2 0 0 -1 0 -2
0 -1 0 0 0 -2 0 0 0 -2 0 0 -2 0 0 0 0 -2 0 0 -2 0 0 0 0
0 0 0 0 0 -1 0 0 0 0 0 0 -2 -2 0 -2 0 0 -2 0 0 0 -2 0 0
0 -1 0 0 -1 0 0 -1 0 -1 0 -1 0 0 0 0 -2 -2 -2 0 -1 0 0 0 0
0 0 -1 0 0 -1 0 0 -1 -1 -1 0 -1 -1 -1 -1 -1 -1 0 -2 0 0 -2 0 0
0 0 0 -1 0 0 -1 0 0 0 0 0 0 0 0 0 0 0 0 0 0 -2 0 -2 0
0 0 0 -2 -2 0 0 -1 -1 -1 -1 -1 -1 -1 -1 -1 -1 -1 0 -2 0 -2 0 0 0
0 -1 0 -2 0 0 0 0 0 0 0 0 0 0 0 -2 0 0 0 0 0 -1 0 0 0
0 0 0 -1 0 -1 0 -1 0 -1 0 -1 0 -1 0 0 -1 0 -1 0 -2 0 0 0 0
0 0 -2 0 0 0 -1 0 0 0 0 0 0 0 0 -1 0 -1 0 -1 0 0 -2 -2 0
0 0 0 0 -2 0 0 0 -2 0 -2 0 -2 0 0 0 0 0 0 0 0 0 0 0 0
0 0 0 0 0 0 0 0 0 0 0 0 0 0 0 -1 0 0 -2 0 0 0 0 0 0
25
24
0 0 0 0 0 0 0 0 -1 0 0 0 0 0 0 0 0 0 0 0 0 0 0 0 0 
0 0 0 -1 -1 0 -1 -1 0 -1 0 -1 0 -2 0 0 0 0 -2 0 0 0 -1 0 0
0 -2 -1 0 0 0 0 0 0 0 0 0 0 0 0 -1 0 0 0 0 0 0 0 0 0
0 0 0 0 0 -2 0 -2 0 -2 0 -1 0 -2 0 -2 -1 0 0 0 -2 0 -1 -1 0
0 0 0 0 0 -1 -1 -1 -1 0 0 0 -1 -1 -2 0 0 -1 0 0 -2 0 0 0 0
0 -1 0 0 0 0 0 0 0 0 -1 0 0 0 -1 0 0 0 0 -1 -1 -1 -1 -1 0
0 0 -1 0 -1 -1 -1 0 0 0 0 0 0 -2 0 -2 0 0 0 0 -2 -2 -2 0 0
0 -1 0 0 0 0 0 -1 0 0 -2 -1 0 0 0 0 -1 0 0 0 0 0 0 0 0 
0 -1 -2 0 -2 -1 0 0 -1 0 -1 0 -1 0 -1 0 0 0 0 -2 0 -2 0 -2 0
0 -1 -2 0 -2 -1 0 -1 0 0 0 -2 0 -1 0 0 0 0 0 0 -2 0 -2 0 0
0 -1 0 0 0 -1 0 0 -1 -1 0 0 0 -1 -2 0 -2 0 -1 -1 -1 -1 0 0 0
0 -1 0 -1 0 -1 0 -1 0 0 0 -1 0 0 0 0 0 -2 0 0 0 0 0 -1 0
0 0 0 0 -2 0 -1 0 -1 0 -1 0 0 -1 -1 -2 0 0 -2 0 -1 -1 0 0 0
0 -2 -1 0 0 0 -2 -1 0 0 0 -1 0 0 -1 0 0 0 0 0 -2 0 0 0 0
0 0 0 0 -2 0 -1 0 0 0 0 -1 0 -1 0 0 0 0 -1 0 0 0 -2 0 0
0 -1 0 0 0 0 0 -1 0 -1 0 -1 0 -2 0 -1 0 -1 0 0 -1 -2 -1 -2 0
0 0 0 0 0 -2 0 0 0 -1 0 -1 0 0 0 -1 0 0 0 -2 -1 -2 0 -2 0
0 -2 -1 -1 0 0 0 -1 0 -1 0 -1 0 -1 0 -1 0 -1 0 0 -1 -2 0 -2 0
0 0 0 0 0 0 0 0 0 -1 0 -1 0 -1 0 0 0 0 0 0 -1 -2 0 -2 0
0 0 0 0 -2 0 0 0 0 -1 0 -1 0 -2 -1 0 -1 0 -1 0 -1 -2 0 -2 0
0 0 0 -2 -2 0 0 0 0 -1 0 0 0 0 0 0 0 0 -1 0 -1 0 0 0 0
0 0 -1 0 0 0 0 -1 0 -1 0 -1 0 0 -1 0 -1 0 -1 0 -1 0 -1 0 0
0 0 0 0 0 0 -2 -1 0 -1 0 -1 0 -1 0 0 -1 0 -1 0 -1 0 -1 0 0
0 0 -1 0 -1 0 0 -1 0 -1 0 -1 0 0 -1 0 -1 0 -1 0 -1 0 -1 0 0
-2 0 0 0 0 0 0 0 0 0 0 0 0 0 0 0 0 0 0 0 0 0 0 0 0 
25
24
0 0 0 0 0 0 0 0 0 0 0 0 0 0 0 0 0 0 0 0 0 0 0 0 0 
0 0 -2 0 -1 0 0 -1 0 -1 0 0 -2 0 -2 0 0 -2 0 0 -2 0 -2 0 0
0 0 0 0 0 -1 0 0 -1 0 0 0 -2 0 0 0 0 -2 -1 0 0 0 -2 0 0
0 0 0 -1 0 0 -1 -1 0 0 -2 0 -2 0 0 -2 0 -2 0 0 -2 0 -2 0 0
0 0 -1 0 0 0 0 0 0 -1 -2 0 0 0 -1 -2 0 -2 0 0 0 0 0 0 0 
0 -2 0 -1 0 -1 0 0 -1 0 0 0 0 -1 0 0 0 -2 0 0 0 0 0 -1 0
0 0 0 -1 0 0 -1 0 0 -1 0 -1 0 0 -1 0 -2 0 -1 0 -1 0 0 -1 0
0 0 -1 0 -1 0 0 -1 -1 0 -1 0 0 0 0 -1 0 0 -1 0 0 0 -2 -1 0
0 -2 -2 0 0 -1 0 -2 -2 -2 -2 0 -1 0 -1 0 0 0 -1 0 -1 0 0 -1 0
0 0 0 0 0 0 0 0 0 0 0 -2 -1 0 -1 0 0 0 -1 0 0 0 0 -1 0 
0 -2 -2 0 0 -1 0 -2 -2 -2 0 0 -1 0 -1 -1 -2 0 0 0 0 -1 0 -1 0
0 0 0 -2 0 0 -2 0 -1 -1 0 -1 0 0 -1 0 0 0 0 -1 0 -1 -1 0 0
0 0 -1 0 -2 -1 -2 0 0 0 0 0 -1 0 -1 -2 0 -2 -1 0 0 0 -1 0 0
0 0 0 -2 0 0 -1 -1 -1 0 -1 0 -1 0 -1 0 0 0 0 -1 -2 0 0 -1 0 
0 -2 0 0 0 0 -2 0 -1 -1 0 -1 0 -1 0 -1 0 0 0 -1 0 -1 0 0 0
0 0 0 -1 0 0 0 0 -2 0 0 0 0 0 0 -1 0 0 0 0 0 0 -1 0 -1
0 -2 0 0 0 -1 0 -1 -1 -1 -1 -1 0 -1 -1 0 0 0 -1 0 0 -1 0 0 0 
0 0 0 -1 0 0 0 0 -2 0 -2 0 0 0 0 0 0 -1 0 0 0 0 0 0 0 
0 -2 0 0 0 -2 -1 0 0 0 0 0 -2 0 -1 0 0 0 -1 0 -1 0 -1 0 0 
0 0 0 0 -2 -1 0 -1 0 0 0 -1 -1 -1 0 -1 -1 -1 0 0 0 0 -1 0 0 
0 -2 0 0 -1 0 0 -2 -2 -1 0 -2 -2 0 0 0 0 0 -1 0 0 -1 0 0 0
0 0 0 0 0 -1 -2 0 0 0 -2 0 0 0 0 -1 -1 -1 0 -1 0 0 0 -1 0
0 -2 0 0 0 0 0 -2 0 0 0 -2 -2 0 -1 0 0 0 0 0 0 0 -1 0 0 
0 0 0 -1 -1 -1 -1 -1 -1 -1 -1 -1 -1 -1 0 -2 0 -1 -1 -1 -1 -1 0 -2 0
0 0 0 0 0 0 0 0 0 0 0 0 0 0 0 0 0 0 0 0 0 0 0 0 -2
25
24
-1 0 0 0 0 0 0 0 0 0 0 0 0 0 0 -1 0 0 0 0 0 0 0 0 0
0 -1 0 0 0 -1 -1 -1 -1 -1 -1 -1 -1 0 0 0 0 0 0 0 0 0 0 0 0
0 0 0 -1 0 0 0 0 0 0 0 0 -2 -1 0 0 0 0 0 0 0 0 0 0 0
0 0 -1 0 -1 -1 -1 -1 -1 -1 -1 -1 -1 0 0 0 0 0 -2 0 -2 0 -2 0 0
0 0 0 -1 0 0 0 0 0 0 0 0 0 0 0 0 -1 0 0 0 0 0 0 0 0
0 0 0 0 0 0 -1 -1 -1 -1 -1 -1 -1 -1 -1 0 -2 0 0 0 -1 0 -2 0 0
0 0 0 -1 0 0 0 -2 -2 -2 -2 -2 -2 -2 -2 -2 0 -2 0 0 0 -1 0 0 0
0 -1 0 -1 0 -1 -2 0 -1 -1 -1 -1 -1 0 0 0 -2 0 0 -2 0 0 -1 -1 0
0 0 0 -1 0 -1 0 0 0 0 0 0 0 -1 -2 0 0 0 -2 0 -2 0 0 0 0
0 0 0 0 0 -1 -2 0 -1 -1 -1 -1 -1 0 0 -2 0 0 -2 0 0 0 -2 0 0
0 0 -1 0 0 -1 0 0 -2 -2 0 -2 -2 -2 -2 0 0 -2 0 -2 -2 -2 0 0 0
0 0 0 -1 0 0 0 -2 0 0 -2 -1 0 -2 0 0 0 0 0 0 0 0 0 0 0
0 0 -1 0 0 0 -1 -2 -1 0 0 0 -1 0 0 -2 0 -2 0 -2 -2 -2 -2 0 0
0 0 0 0 -2 0 0 -2 0 0 -2 0 0 0 -2 0 -2 0 -2 0 0 0 0 0 0
0 0 -1 -2 -2 0 -1 -2 0 -2 0 0 -2 0 -2 0 -2 0 0 0 -2 0 -2 0 0
0 0 0 0 -2 0 0 -2 0 0 0 -2 0 0 0 0 0 0 0 -2 0 -2 0 -2 0
0 0 -1 0 0 0 -1 0 0 -2 -2 0 -2 0 -2 0 -2 0 0 -2 0 -2 0 -2 0
0 0 -1 -2 0 -2 0 -1 0 -1 0 -2 0 -2 0 -2 0 -2 0 -2 0 0 0 0 0
0 -1 0 -2 0 0 0 0 -2 0 -1 -2 0 -2 0 0 0 -2 0 0 -2 0 -2 0 0
0 0 0 0 -2 -2 -2 -2 0 0 -2 -1 -2 0 0 -2 0 0 -2 0 -2 0 -2 0 -2 0
0 0 -2 0 -2 0 0 -2 0 -2 0 -1 0 -2 0 -2 0 0 0 0 0 0 0 0 0
0 0 0 0 0 -2 0 -2 0 0 -2 0 -1 -2 0 0 -2 0 -2 -2 0 -2 -2 0 0
0 0 -2 0 -2 0 0 -2 0 -2 0 -2 -1 -2 0 -2 0 -2 0 0 -2 0 0 0 0
0 0 0 0 0 -2 0 0 0 0 0 0 -1 0 0 0 0 0 -2 0 0 -2 -2 0 0
0 0 0 0 0 0 0 0 0 0 0 0 0 0 0 0 0 0 0 0 0 0 0 0 0 
25
24
0 0 0 0 0 0 0 0 0 0 0 0 0 0 0 0 0 0 0 0 0 0 0 0 0
0 0 0 0 0 0 0 0 0 0 0 0 0 -1 0 -1 0 0 -2 0 0 0 0 0 0
0 -2 -2 -2 -2 -2 -2 -2 -2 0 0 -1 0 0 0 -2 -1 -1 -1 -1 0 -1 0 -1 0
0 0 -1 -1 -1 0 -1 0 -1 -1 0 0 -2 0 -2 0 0 0 0 0 -1 0 -1 0 0
0 -1 0 0 0 -1 0 0 0 0 -1 -2 0 0 0 -1 0 -1 0 0 0 0 -1 0 0
0 0 0 -1 -1 0 0 -2 0 -1 0 0 -2 -2 0 0 -1 0 0 -1 -1 0 0 0 0
0 0 0 -2 0 0 0 -1 0 0 0 0 -1 -1 0 -1 0 0 0 0 0 -1 0 0 0
0 -2 0 0 0 -1 -1 0 0 -1  0 -1 0 0 0 0 0 0 -2 0 0 -1 0 -1 0
0 0 0 0 -2 0 -2 0 0 0 0 0 0 0 -2 0 0 -2 0 0 0 0 0 0 0
0 0 0 -2 0 -2 0 0 -2 0 -2 0 -2 0 0 -1 0 -2 0 -2 0 0 -2 0 0
0 -2 0 0 0 0 0 0 -1 0 0 0 0 0 -1 0 0 0 0 0 -2 0 0 0 0
0 0 0 -1 0 0 0 0 -1 -1 0 0 -1 -1 0 0 0 -2 0 -2 0 0 -1 -2 0
0 -2 -2 -2 0 -1 0 -1 0 -1 0 0 0 0 -2 0 0 0 0 0 -2 0 0 0 0
0 0 0 0 0 0 0 -1 0 0 0 -2 -2 0 -2 0 -2 0 0 -2 0 0 0 0 -2
0 -2 0 -2 0 -1 0 -1 0 -2 0 -1 -1 0 0 -2 0 -2 0 0 0 0 0 0 0
0 0 0 0 0 0 0 -1 -2 0 -1 0 0 0 -1 -1 0 -2 0 0 0 0 -1 0 0
0 -1 -1 0 -2 0 0 0 0 0 0 0 0 -1 0 0 0 0 0 0 0 -2 0 0 0
0 -1 0 -1 -2 0 -2 0 -2 0 -1 0 -1 0 -1 0 0 0 -2 -1 0 0 0 -2 0
0 -1 0 -1 -2 0 -2 0 0 -2 0 -1 0 -1 0 0 -2 -2 0 0 0 -2 0 0 0
0 0 0 -1 -2 -2 0 0 -2 0 0 0 0 -1 -2 0 -1 0 -2 0 0 0 0 -2 0
0 0 0 -2 0 0 -1 0 0 -2 0 -1 0 -1 -2 0 0 0 0 -2 0 0 0 0 0
0 0 0 0 -2 0 0 0 -2 0 -1 0 0 -1 -2 0 -2 0 0 0 0 -2 0 -2 0
0 -2 0 -2 0 0 0 -2 0 -1 0 -1 0 -1 -2 0 0 0 -1 0 0 0 0 0 0
0 0 0 0 0 -2 0 0 0 0 0 0 0 0 -2 0 -2 0 0 -2 0 0 0 0 0
0 0 0 0 0 0 0 0 0 0 0 0 0 0 0 0 0 0 0 0 0 0 0 0 0
